0.25295168361557896
0.25295168361557896
0.27208383285708865
0.27208383285708865
0.30029517379553056
0.30029517379553056
0.30029517379553056
0.30029517379553056
0.31162876955285684
0.31162876955285684
0.33105151715328734
0.34068442389155223
0.34068442389155223
0.34068442389155223
0.34068442389155223
0.34068442389155223
0.34068442389155223
0.34068442389155223
0.34835493773406556
0.34835493773406556
0.34835493773406556
0.34835493773406556
0.34835493773406556
0.34835493773406556
0.3494999936451606
0.3494999936451606
0.3494999936451606
0.3494999936451606
0.3605838433157289
0.3605838433157289
0.3605838433157289
0.3605838433157289
0.3605838433157289
0.3605838433157289
0.3605838433157289
0.3605838433157289
0.3605838433157289
0.3605838433157289
0.6094229556209784
0.6094229556209784
0.6094229556209784
0.6094229556209784
0.6094229556209784
0.6609578296279124
0.6609578296279124
0.6609578296279124
0.6609578296279124
0.6609578296279124
0.6609578296279124
0.6609578296279124
0.6609578296279124
0.6609578296279124
0.6752046522658185
0.6752046522658185
0.6752046522658185
0.6752046522658185
0.6752046522658185
0.6752046522658185
0.7104047650563874
0.7104047650563874
0.7104047650563874
0.7104047650563874
0.7104047650563874
0.7104047650563874
0.7104047650563874
0.7104047650563874
0.7343497332431038
0.7343497332431038
0.7343497332431038
0.7343497332431038
0.7343497332431038
0.7343497332431038
0.7422380203294783
0.7618954879135612
0.7618954879135612
0.7618954879135612
0.7618954879135612
0.7618954879135612
0.7618954879135612
0.7618954879135612
0.7618954879135612
0.7618954879135612
0.7618954879135612
0.7618954879135612
0.7618954879135612
0.7618954879135612
0.7618954879135612
0.7618954879135612
0.7618954879135612
0.772623767871217
0.772623767871217
0.772623767871217
0.772623767871217
0.772623767871217
0.772623767871217
0.772623767871217
0.772623767871217
0.772623767871217
0.772623767871217
0.772623767871217
0.772623767871217
0.772623767871217
0.772623767871217
0.772623767871217
0.772623767871217
0.772623767871217
0.772623767871217
0.7843676688971447
0.7843676688971447
0.7843676688971447
0.7843676688971447
0.7843676688971447
0.7843676688971447
0.7843676688971447
0.7843676688971447
0.7998437997804205
0.7998437997804205
0.7998437997804205
0.7998437997804205
0.7998437997804205
0.7998437997804205
0.7998437997804205
0.7998437997804205
0.7998437997804205
0.7998437997804205
0.7998437997804205
0.7998437997804205
0.7998437997804205
0.7998437997804205
0.7998437997804205
0.7998437997804205
0.7998437997804205
0.7998437997804205
0.7998437997804205
0.7998437997804205
0.7998437997804205
0.7998437997804205
0.7998437997804205
0.7998437997804205
0.8100531731167079
0.8100531731167079
0.8100531731167079
0.8100531731167079
0.8100531731167079
0.8100531731167079
0.8100531731167079
0.8100531731167079
0.8100531731167079
0.8100531731167079
0.8100531731167079
0.8100531731167079
0.8100531731167079
0.8100531731167079
0.8100531731167079
0.8100531731167079
0.8100531731167079
0.8100531731167079
0.8100531731167079
0.8100531731167079
0.8100531731167079
0.8100531731167079
0.8100531731167079
0.8100531731167079
0.8100531731167079
0.8100531731167079
0.8100531731167079
0.8100531731167079
0.8100531731167079
0.8100531731167079
0.8100531731167079
0.8100531731167079
0.8100531731167079
0.8100531731167079
0.8100531731167079
0.8100531731167079
0.8100531731167079
0.8100531731167079
0.8100531731167079
0.8100531731167079
0.8100531731167079
0.8100531731167079
0.8100531731167079
0.8100531731167079
0.8100531731167079
0.8100531731167079
0.8100531731167079
0.8100531731167079
0.8100531731167079
0.8100531731167079
0.8100531731167079
0.8100531731167079
0.8100531731167079
0.8100531731167079
0.8100531731167079
0.8100531731167079
0.8100531731167079
0.8100531731167079
0.8100531731167079
0.8100531731167079
0.8100531731167079
0.8100531731167079
0.8100531731167079
0.8100531731167079
0.8100531731167079
0.8100531731167079
0.8100531731167079
0.8100531731167079
0.8100531731167079
0.8100531731167079
0.8100531731167079
0.8100531731167079
0.8100531731167079
0.8100531731167079
0.8100531731167079
0.8100531731167079
0.8100531731167079
0.8100531731167079
0.8100531731167079
0.8100531731167079
0.8100531731167079
0.8100531731167079
0.8100531731167079
0.8100531731167079
0.8100531731167079
0.8100531731167079
0.8100531731167079
0.8100531731167079
0.8100531731167079
0.8100531731167079
0.8100531731167079
0.8100531731167079
0.8100531731167079
0.8100531731167079
0.8100531731167079
0.8100531731167079
0.8100531731167079
0.8100531731167079
0.8100531731167079
0.8100531731167079
0.8100531731167079
0.8100531731167079
0.8100531731167079
0.8100531731167079
0.8100531731167079
0.8100531731167079
0.8100531731167079
0.8100531731167079
0.8100531731167079
0.8100531731167079
0.8100531731167079
0.8100531731167079
0.8100531731167079
0.8100531731167079
0.8100531731167079
0.8100531731167079
0.8100531731167079
0.8100531731167079
0.8100531731167079
0.8100531731167079
0.8100531731167079
0.8100531731167079
0.8100531731167079
0.8100531731167079
0.8100531731167079
0.8100531731167079
0.8100531731167079
0.8100531731167079
0.8100531731167079
0.8100531731167079
0.8100531731167079
0.8100531731167079
0.8100531731167079
0.8100531731167079
0.8100531731167079
0.8100531731167079
0.8100531731167079
0.8100531731167079
0.8100531731167079
0.8100531731167079
0.8100531731167079
0.8100531731167079
0.8100531731167079
0.8100531731167079
0.8100531731167079
0.8100531731167079
0.8100531731167079
0.8100531731167079
0.8100531731167079
0.8100531731167079
0.8100531731167079
0.8100531731167079
0.8100531731167079
0.8100531731167079
0.8100531731167079
0.8100531731167079
0.8100531731167079
0.8100531731167079
0.8100531731167079
0.8100531731167079
0.8100531731167079
0.8100531731167079
0.8100531731167079
0.8100531731167079
0.8100531731167079
0.8100531731167079
0.8100531731167079
0.8100531731167079
0.8100531731167079
0.8100531731167079
0.8100531731167079
0.8100531731167079
0.8100531731167079
0.8100531731167079
0.8100531731167079
0.8100531731167079
0.8100531731167079
0.8100531731167079
0.8100531731167079
0.8100531731167079
0.8100531731167079
0.8100531731167079
0.8100531731167079
0.8100531731167079
0.8100531731167079
0.8100531731167079
0.8100531731167079
0.8100531731167079
0.8100531731167079
0.8100531731167079
0.8100531731167079
0.8100531731167079
0.8100531731167079
0.8100531731167079
0.8100531731167079
0.8100531731167079
0.8100531731167079
0.8100531731167079
0.8100531731167079
0.8100531731167079
0.8100531731167079
0.8100531731167079
0.8100531731167079
0.8100531731167079
0.8100531731167079
0.8100531731167079
0.8100531731167079
0.8100531731167079
0.8100531731167079
0.8100531731167079
0.8100531731167079
0.8100531731167079
0.8100531731167079
0.8100531731167079
0.8100531731167079
0.8100531731167079
0.8100531731167079
0.8100531731167079
0.8100531731167079
0.8100531731167079
0.8100531731167079
0.8100531731167079
0.8100531731167079
0.8100531731167079
0.8100531731167079
0.8100531731167079
0.8100531731167079
0.8100531731167079
0.8100531731167079
0.8100531731167079
0.8100531731167079
0.8100531731167079
0.8100531731167079
0.8100531731167079
0.8100531731167079
0.8100531731167079
0.8100531731167079
0.8100531731167079
0.8100531731167079
0.8100531731167079
0.8100531731167079
0.8100531731167079
0.8100531731167079
0.8100531731167079
0.8100531731167079
0.8100531731167079
0.8100531731167079
0.8100531731167079
0.8100531731167079
0.8100531731167079
0.8100531731167079
0.8100531731167079
0.8100531731167079
0.8100531731167079
0.8100531731167079
0.8100531731167079
0.8100531731167079
0.8100531731167079
0.8100531731167079
0.8100531731167079
0.8100531731167079
0.8100531731167079
0.8100531731167079
0.8100531731167079
0.8100531731167079
0.8100531731167079
0.8100531731167079
0.8100531731167079
0.8100531731167079
0.8100531731167079
0.8100531731167079
0.8100531731167079
0.8100531731167079
0.8100531731167079
0.8100531731167079
0.8100531731167079
0.8100531731167079
0.8100531731167079
0.8100531731167079
0.8100531731167079
0.8100531731167079
0.8100531731167079
0.8100531731167079
0.8100531731167079
0.8100531731167079
0.8100531731167079
0.8100531731167079
0.8100531731167079
0.8100531731167079
0.8100531731167079
0.8100531731167079
0.8100531731167079
0.8100531731167079
0.8100531731167079
0.8100531731167079
0.8100531731167079
0.8100531731167079
0.8100531731167079
0.8100531731167079
0.8100531731167079
0.8100531731167079
0.8100531731167079
0.8100531731167079
0.8100531731167079
0.8100531731167079
0.8100531731167079
0.8100531731167079
0.8100531731167079
0.8100531731167079
0.8100531731167079
0.8100531731167079
0.8100531731167079
0.8100531731167079
0.8100531731167079
0.8100531731167079
0.8100531731167079
0.8100531731167079
0.8100531731167079
0.8100531731167079
0.8100531731167079
0.8154116637283783
0.8154116637283783
0.8154116637283783
0.8154116637283783
0.8154116637283783
0.8154116637283783
0.8154116637283783
0.8748676498013102
0.8748676498013102
0.8748676498013102
0.8748676498013102
0.8748676498013102
0.8748676498013102
0.8748676498013102
0.8748676498013102
0.8748676498013102
0.8748676498013102
0.8748676498013102
0.8748676498013102
0.8748676498013102
0.8748676498013102
0.8748676498013102
0.8748676498013102
0.8748676498013102
0.8748676498013102
0.8748676498013102
0.8748676498013102
0.8748676498013102
0.8748676498013102
0.8748676498013102
0.8748676498013102
0.8748676498013102
0.8748676498013102
0.8748676498013102
0.8748676498013102
0.8748676498013102
0.8748676498013102
0.8748676498013102
0.8748676498013102
0.8748676498013102
0.8748676498013102
0.8748676498013102
0.8748676498013102
0.8748676498013102
0.8748676498013102
0.8748676498013102
0.8748676498013102
0.8748676498013102
0.8748676498013102
0.8748676498013102
0.8748676498013102
0.8748676498013102
0.8748676498013102
0.8748676498013102
0.8748676498013102
0.8748676498013102
0.8748676498013102
0.8748676498013102
0.8748676498013102
0.8748676498013102
0.8748676498013102
0.8748676498013102
0.8748676498013102
0.8748676498013102
0.8748676498013102
0.8748676498013102
0.8748676498013102
0.8748676498013102
0.8748676498013102
0.8748676498013102
0.8748676498013102
0.8748676498013102
0.8748676498013102
0.8748676498013102
0.8748676498013102
0.8748676498013102
0.8748676498013102
0.8748676498013102
0.8748676498013102
0.8748676498013102
0.8748676498013102
0.8748676498013102
0.8748676498013102
0.8748676498013102
0.8748676498013102
0.8748676498013102
0.8748676498013102
0.8748676498013102
0.8748676498013102
0.8748676498013102
0.8748676498013102
0.8748676498013102
0.8748676498013102
0.8748676498013102
0.8748676498013102
0.8748676498013102
0.8748676498013102
0.8748676498013102
0.8748676498013102
0.8748676498013102
0.8748676498013102
0.8748676498013102
0.8748676498013102
0.8748676498013102
0.8748676498013102
0.8748676498013102
0.8748676498013102
0.8748676498013102
0.8748676498013102
0.8748676498013102
0.8748676498013102
0.8748676498013102
0.8748676498013102
0.8748676498013102
0.8748676498013102
0.8748676498013102
0.8748676498013102
0.8748676498013102
0.8748676498013102
0.8748676498013102
0.8748676498013102
0.8748676498013102
0.8748676498013102
0.8748676498013102
0.8748676498013102
0.8748676498013102
0.8748676498013102
0.8748676498013102
0.8748676498013102
0.8748676498013102
0.8748676498013102
0.8748676498013102
0.8748676498013102
0.8748676498013102
0.8748676498013102
0.8748676498013102
0.8748676498013102
0.8748676498013102
0.8748676498013102
0.8748676498013102
0.8748676498013102
0.8748676498013102
0.8748676498013102
0.8748676498013102
0.8748676498013102
0.8748676498013102
0.8748676498013102
0.8748676498013102
0.8748676498013102
0.8748676498013102
0.8748676498013102
0.8748676498013102
0.8748676498013102
0.8748676498013102
0.8748676498013102
0.8748676498013102
0.8748676498013102
0.8748676498013102
0.8748676498013102
0.8748676498013102
0.8748676498013102
0.8748676498013102
0.8748676498013102
0.8748676498013102
0.8748676498013102
0.8748676498013102
0.8748676498013102
0.8748676498013102
0.8748676498013102
0.8748676498013102
0.8748676498013102
0.8748676498013102
0.8748676498013102
0.8748676498013102
0.8748676498013102
0.8748676498013102
0.8748676498013102
0.8748676498013102
0.8748676498013102
0.8748676498013102
0.8748676498013102
0.8748676498013102
0.8748676498013102
0.8748676498013102
0.8748676498013102
0.8748676498013102
0.8748676498013102
0.8748676498013102
0.8748676498013102
0.8748676498013102
0.8748676498013102
0.8748676498013102
0.8748676498013102
0.8748676498013102
0.8748676498013102
0.8748676498013102
0.8748676498013102
0.8748676498013102
0.8748676498013102
0.8748676498013102
0.8748676498013102
0.8748676498013102
0.8748676498013102
0.8748676498013102
0.8748676498013102
0.8748676498013102
0.8748676498013102
0.8748676498013102
0.8748676498013102
0.8748676498013102
0.8748676498013102
0.8748676498013102
0.8748676498013102
0.8748676498013102
0.8748676498013102
0.8748676498013102
0.8748676498013102
0.8748676498013102
0.8748676498013102
0.8748676498013102
0.8748676498013102
0.8748676498013102
0.8748676498013102
0.8748676498013102
0.8748676498013102
0.8748676498013102
0.8748676498013102
0.8748676498013102
0.8748676498013102
0.8748676498013102
0.8748676498013102
0.8748676498013102
0.8748676498013102
0.8748676498013102
0.8748676498013102
0.8748676498013102
0.8748676498013102
0.8748676498013102
0.8748676498013102
0.8748676498013102
0.8748676498013102
0.8748676498013102
0.8748676498013102
0.8748676498013102
0.8748676498013102
0.8748676498013102
0.8748676498013102
0.8748676498013102
0.8748676498013102
0.8748676498013102
0.8748676498013102
0.8748676498013102
0.8748676498013102
0.8748676498013102
0.8748676498013102
0.8748676498013102
0.8748676498013102
0.8748676498013102
0.8748676498013102
0.8748676498013102
0.8748676498013102
0.8748676498013102
0.8748676498013102
0.8748676498013102
0.8748676498013102
0.8748676498013102
0.8748676498013102
0.8748676498013102
0.8748676498013102
0.8748676498013102
0.8748676498013102
0.8748676498013102
0.8748676498013102
0.8748676498013102
0.8748676498013102
0.8748676498013102
0.8748676498013102
0.8748676498013102
0.8748676498013102
0.8748676498013102
0.8748676498013102
0.8748676498013102
0.8748676498013102
0.8748676498013102
0.8748676498013102
0.8748676498013102
0.8748676498013102
0.8748676498013102
0.8748676498013102
0.8748676498013102
0.8748676498013102
0.8748676498013102
0.8748676498013102
0.8748676498013102
0.8748676498013102
0.8748676498013102
0.8748676498013102
0.8748676498013102
0.8748676498013102
0.8748676498013102
0.8748676498013102
0.8748676498013102
0.8748676498013102
0.8748676498013102
0.8748676498013102
0.8748676498013102
0.8748676498013102
0.8748676498013102
0.8748676498013102
0.8748676498013102
0.8748676498013102
0.8748676498013102
0.8748676498013102
0.8748676498013102
0.8748676498013102
0.8748676498013102
0.8748676498013102
0.8748676498013102
0.8748676498013102
0.8748676498013102
0.8748676498013102
0.8748676498013102
0.8748676498013102
0.8748676498013102
0.8748676498013102
0.8748676498013102
0.8748676498013102
0.8748676498013102
0.8748676498013102
0.8748676498013102
0.8748676498013102
0.8748676498013102
0.8748676498013102
0.8748676498013102
0.8748676498013102
0.8748676498013102
0.8748676498013102
0.8748676498013102
0.8748676498013102
0.8748676498013102
0.8748676498013102
0.8748676498013102
0.8748676498013102
0.8748676498013102
0.8748676498013102
0.8748676498013102
0.8748676498013102
0.8748676498013102
0.8748676498013102
0.8748676498013102
0.8748676498013102
0.8748676498013102
0.8748676498013102
0.8748676498013102
0.8748676498013102
0.8748676498013102
0.8748676498013102
0.8748676498013102
0.8748676498013102
0.8748676498013102
0.8748676498013102
0.8748676498013102
0.8748676498013102
0.8748676498013102
0.8748676498013102
0.8748676498013102
0.8748676498013102
0.8748676498013102
0.8748676498013102
0.8748676498013102
0.8748676498013102
0.8748676498013102
0.8748676498013102
0.8748676498013102
0.8748676498013102
0.8748676498013102
0.8748676498013102
0.8748676498013102
0.8748676498013102
0.8748676498013102
0.8748676498013102
0.8748676498013102
0.8748676498013102
0.8748676498013102
0.8748676498013102
0.8748676498013102
0.8748676498013102
0.8748676498013102
0.8748676498013102
0.8748676498013102
0.8748676498013102
0.8748676498013102
0.8748676498013102
0.8748676498013102
0.8748676498013102
0.8748676498013102
0.8748676498013102
0.8748676498013102
0.8748676498013102
0.8748676498013102
0.8748676498013102
0.8748676498013102
0.8748676498013102
0.8748676498013102
0.8748676498013102
0.8748676498013102
0.8748676498013102
0.8748676498013102
0.8748676498013102
0.8748676498013102
0.8748676498013102
0.8748676498013102
0.8748676498013102
0.8748676498013102
0.8748676498013102
0.8748676498013102
0.8748676498013102
0.8748676498013102
0.8748676498013102
0.8748676498013102
0.8748676498013102
0.8748676498013102
0.8748676498013102
0.8748676498013102
0.8748676498013102
0.8748676498013102
0.8748676498013102
0.8748676498013102
0.8748676498013102
0.8748676498013102
0.8748676498013102
0.8748676498013102
0.8748676498013102
0.8748676498013102
0.8748676498013102
0.8748676498013102
0.8748676498013102
0.8748676498013102
0.8748676498013102
0.8748676498013102
0.8748676498013102
0.8748676498013102
0.8748676498013102
0.8748676498013102
0.8748676498013102
0.8748676498013102
0.8748676498013102
0.8748676498013102
0.8748676498013102
0.8748676498013102
0.8748676498013102
0.8748676498013102
0.8748676498013102
0.8748676498013102
0.8748676498013102
0.8748676498013102
0.8748676498013102
0.8748676498013102
0.8748676498013102
0.8748676498013102
0.8748676498013102
0.8748676498013102
0.8748676498013102
0.8748676498013102
0.8748676498013102
0.8748676498013102
0.8748676498013102
0.8748676498013102
0.8748676498013102
0.8748676498013102
0.8748676498013102
0.8748676498013102
0.8748676498013102
0.8748676498013102
0.8748676498013102
0.8748676498013102
0.8748676498013102
0.8748676498013102
0.8748676498013102
0.8748676498013102
0.8748676498013102
0.8748676498013102
0.8748676498013102
0.8748676498013102
0.8748676498013102
0.8748676498013102
0.8748676498013102
0.8748676498013102
0.8748676498013102
0.8748676498013102
0.8748676498013102
0.8748676498013102
0.8748676498013102
0.8748676498013102
0.8748676498013102
0.8748676498013102
0.8748676498013102
0.8748676498013102
0.8748676498013102
0.8748676498013102
0.8748676498013102
0.8748676498013102
0.8748676498013102
0.8748676498013102
0.8748676498013102
0.8748676498013102
0.8748676498013102
0.8748676498013102
0.8748676498013102
0.8748676498013102
0.8748676498013102
0.8748676498013102
0.8748676498013102
0.8748676498013102
0.8748676498013102
0.8748676498013102
0.8748676498013102
0.8748676498013102
0.8748676498013102
0.8748676498013102
0.8748676498013102
0.8748676498013102
0.8748676498013102
0.8748676498013102
0.8748676498013102
0.8748676498013102
0.8748676498013102
0.8748676498013102
0.8748676498013102
0.8748676498013102
0.8748676498013102
0.8748676498013102
0.8748676498013102
0.8748676498013102
0.8748676498013102
0.8748676498013102
0.8748676498013102
0.8748676498013102
0.8748676498013102
0.8748676498013102
